Q60823	Q60823-T309	T309	1	4.05	4.26	3.14	3.54	3.38	2.88	4.24	4.23
P31750	P31750-S473	S473	1	0.09	3.55	4.27	3.11	3.76	6.13	7.28	4.61
P04627	P04627-S186	S186	1	0.75	0.25	0.27	1.07	3.2	4.36	3.91	3.86
P04627	P04627-T181	T181	1	0.82	0.25	0.38	1.01	3.69	4.36	4.46	4.09
Q8BYJ6	Q8BYJ6-S324	S324	1	1.09	2.37	2.69	2.95	2.82	2.96	3.03	3.01
Q8BYJ6	Q8BYJ6-S348	S348	1	0.29	0.44	0.96	1.41	1.73	2.05	1.94	2.01
Q8BYJ6	Q8BYJ6-S595	S595	1	1.11	2.67	3.89	4.1	4.18	4.32	4.12	3.97
Q8BYJ6	Q8BYJ6-T649	T649	1	1.95	2.47	3.77	3.46	2.6	2.79	1.82	2.73
P28028	P28028-S135	S135	1	-0.21	-0.16	-0.08	0.26	1.56	1.66	1.79	1.56
Q61337	Q61337-S112	S112	1	0.18	-0.01	-0.13	0	0.83	1.44	1.61	1.6
Q61337	Q61337-S136	S136	1	0.25	0.67	1.1	1.48	1.33	1.33	1.45	1.33
P23950	P23950-S92	S92	1	0.34	1.7	2	2.21	2.28	2.69	2.94	3.1
Q9ESJ1	Q9ESJ1-S272	S272	1	1.38	2.53	3.37	3.29	3.64	3.83	3.35	3.22
Q9ESJ1	Q9ESJ1-S203	S203	1	2.95	2.6	2.72	3.17	3.19	2.76	2.84	4.1
Q99N57-2	Q99N57-2-S662	S662	1	-0.17	-0.18	-0.51	-0.34	2.14	3.15	3.58	3.28
Q99N57-2	Q99N57-2-S321	S321	1	-0.57	-0.53	-0.2	-0.25	0.82	1.27	0.45	0.82
Q99N57-2	Q99N57-2-S29	S29	1	-0.03	-0.67	0.21	2.6	6.12	6	5.64	4.88
Q570Y9	Q570Y9-S293	S293	1	0.65	0.15	0.5	0.51	1.42	2.01	0.68	1.65
Q570Y9	Q570Y9-S265	S265	1	0.01	-0.14	-0.15	0.15	0.46	0.8	1.15	1.72
Q8K2D3	Q8K2D3-S161	S161	1	0.18	0.4	0.67	0.82	0.82	0.9	1.3	0.93
Q8K2D3	Q8K2D3-S131	S131	1	0.04	-0.06	-0.07	0.01	0.31	0.61	1.09	1.42
V9GXH2	V9GXH2-S65	S65	1	0.83	3.88	4.36	4.24	3.73	3.55	4.25	3.79
Q8BGD9	Q8BGD9-S422	S422	1	0.23	0.27	0.71	1.62	2.35	2.78	2.84	2.51
Q8BGD9	Q8BGD9-T420	T420	1	-0.36	0.14	0.52	0.69	2.41	1.75	3.06	3.66
Q60876	Q60876-S64	S64	1	-0.08	-0.05	0.11	0.34	1.14	1.34	1.25	1.5
Q60876	Q60876-T36	T36	1	0.05	-0.07	-0.02	0.2	0.18	0.26	0.23	0.34
Q60876	Q60876-T45	T45	1	-0.03	-0.04	-0.25	0.07	0.22	0.08	0.23	0.32
P70313	P70313-S1176	S1176	1	1.94	2.89	3.56	4.52	4.52	2.87	2.47	2.79
Q63844	Q63844-T203	T203	1	-0.03	-0.13	0.16	3.69	4.78	4.13	4.79	4.41
Q63844	Q63844-Y205	Y205	1	0.48	0.36	1.38	3.37	3.62	4.04	3.75	3.93
P63085	P63085-Y185	Y185	1	0.12	0.06	1.95	3.57	4.35	3.98	3.41	4.39
P63085	P63085-T183	T183	1	0.29	-2.48	0.5	4.05	5.61	3.72	3.57	4.4
Q9R1E0	Q9R1E0-S316	S316	1	1.43	2.17	2.28	2.56	2.23	1.9	1.96	1.67
Q9WVH4	Q9WVH4-S252	S252	1	1.88	2.72	3.38	4.11	3.65	3.34	3.22	3.43
Q60760	Q60760-S503	S503	1	-0.74	-0.1	-0.01	0.09	1.49	1.82	2.49	2.26
Q2NL51	Q2NL51-S21	S21	1	1.08	1.8	2.05	1.99	1.93	1.99	1.79	2.04
P49841	P49841-S9	S9	1	2.05	2.05	2.65	2.54	2.27	2.27	1.43	2.46
Q9Z1E4	Q9Z1E4-S641	S641	1	0.17	0.22	0.14	-0.3	-1.37	-1.99	-1.55	0.32
Q9Z1E4	Q9Z1E4-S649	S649	1	0.08	-0.08	0.19	-0.2	-0.22	-2.34	-1.95	0.21
P38532	P38532-S303	S303	1	-0.25	-0.23	0.03	-0.05	-1.07	-1.28	-1.62	-1.32
P38532	P38532-S307	S307	1	0.11	-0.01	-0.03	-0.01	0.53	0.63	0.68	0.48
P38532	P38532-S326	S326	1	0.23	0.22	-0.1	-0.24	0.56	1.47	1.97	2.25
P54310-2	P54310-2-S602	S602	1	-0.09	-0.04	-0.04	-0.04	-0.28	-0.48	-0.53	-0.51
P54310-2	P54310-2-S694	S694	1	-0.07	-0.15	-0.86	-1.54	-2.35	-2.48	-2.3	-2.7
P15208	P15208-Y1175	Y1175	1	3.13	3.89	3.75	4.11	3.56	3.59	3.78	4
P15208	P15208-Y1179	Y1179	1	4.4	2.81	4.6	3.81	3.56	3.97	3.12	3.74
P15208	P15208-Y1180	Y1180	1	3.34	3.76	4.6	3.76	3.31	3.97	3.12	3.71
P35569	P35569-S522	S522	1	3.25	3.7	4.28	4.05	3.63	3.93	3.77	2.87
P35569	P35569-Y460	Y460	1	4.36	2.72	2.54	1.65	1.44	3.01	2.89	2.42
P35569	P35569-Y891	Y891	1	4.31	2.68	3.45	3.32	4.45	3.92	3.61	5.22
P35569	P35569-Y608	Y608	1	0.68	1.58	1.83	1.64	1.27	1.44	1.52	0.74
P35569	P35569-Y1171	Y1171	1	5.18	3.51	3.59	4.24	3.8	2.99	2.71	4.57
Q9D0U6	Q9D0U6-S60	S60	1	-0.54	0.03	-0.93	0.66	2.46	2.74	2.85	2.2
Q9D0U6	Q9D0U6-S68	S68	1	-0.42	0.22	0.18	0.66	2.46	2.33	2.49	2.64
Q63932	Q63932-S293	S293	1	-0.12	-0.16	0.03	0.12	0.26	0.61	0.83	0.93
Q61084	Q61084-S166	S166	1	-0.53	-0.1	1.95	1.18	2	1.89	1.73	2.09
Q61084	Q61084-S337	S337	1	0.3	-0.27	-0.65	0.58	2.79	3.77	4.02	3.95
Q8C050	Q8C050-S375	S375	1	0.33	0.18	-0.4	0.76	2.77	2.26	3.23	2.42
Q9JLN9	Q9JLN9-S2481	S2481	1	0.18	0.06	-0.15	0.37	1.02	0.88	1	1.06
Q9JLN9	Q9JLN9-S2448	S2448	1	0.06	0.08	0.37	0.85	1.25	2.18	2.39	1.94
Q62433	Q62433-S330	S330	1	-0.32	-2.37	0.44	2.75	3.12	1.92	2.83	1.85
Q62433	Q62433-T366	T366	1	0.55	0.81	0.63	1.7	2.26	2.75	2.95	2.78
Q62433	Q62433-T346	T346	1	-0.05	1.5	1.59	4.29	4.7	5.33	5.82	5.2
Q9QYG0	Q9QYG0-T330	T330	1	-1.76	-0.26	-1.88	-0.67	-0.2	0.1	1.14	0.69
Q9QYG0	Q9QYG0-T348	T348	1	0.05	0.52	1.46	1.62	1.95	1.83	1.74	2.02
Q9QYF9	Q9QYF9-S331	S331	1	0.5	1.19	1.64	2	2.14	2.05	2.25	2.12
Q8K1R7	Q8K1R7-T333	T333	1	1.29	1.64	3.99	4.24	4.44	4.79	3.54	4.75
Q61165	Q61165-S707	S707	1	0.44	0.84	1.85	3.49	4.12	3.85	3.46	3.23
Q61165	Q61165-Y687	Y687	1	1.25	2.75	3.6	2.53	2.44	2.6	3.36	3.25
E9Q7G0	E9Q7G0-T1982	T1982	1	-0.58	-0.62	-0.51	-0.8	0.37	1.6	3.86	3.22
Q8BSK8	Q8BSK8-S447	S447	1	0.66	0.5	0	0.22	0.87	3.37	3.26	2.72
Q8BSK8	Q8BSK8-T444	T444	1	0.58	0.57	0.41	0.94	3.81	2.62	3.01	2.57
F6Q8A4	F6Q8A4-S363	S363	1	-0.9	-0.34	0.14	1.06	3.53	3.2	1.84	1.15
Q3TC46	Q3TC46-S184	S184	1	0.13	0.03	-0.2	0.55	1.94	1.81	2.01	1.95
Q3TC46	Q3TC46-T194	T194	1	0.47	0.13	0.09	0.4	1.85	1.95	2.17	2.32
P60335	P60335-S264	S264	1	-0.44	-0.61	-0.62	-0.05	1.1	1.99	2.35	2.34
Q61409	Q61409-S311	S311	1	-0.29	0.03	1.01	1.21	2.19	2.19	2.36	3.5
P70265	P70265-S486	S486	1	1.1	1.96	2.51	2.33	2.64	2.97	3	3.08
P70265	P70265-S469	S469	1	-0.61	2.35	2.1	2.83	2.98	2.37	3.16	2.33
P05132	P05132-T198	T198	1	-0.02	0.01	0.03	0.07	-0.17	-0.02	0.03	0
Q8CGN5	Q8CGN5-S492	S492	1	0.73	0.06	0.2	-0.54	0.14	-0.17	-0.35	-1.03
E9QKI4	E9QKI4-S255	S255	1	-0.01	0.16	0.55	1.15	1.67	1.34	1.36	1.52
E9QKI4	E9QKI4-T318	T318	1	1.78	2.91	3.57	3.81	3.65	3.56	3.61	3.63
Q8K4Q0	Q8K4Q0-S863	S863	1	0.14	0.07	0.32	0.54	1.27	1.55	1.48	1.42
Q8K4Q0	Q8K4Q0-S877	S877	1	-0.2	-0.2	-0.1	-0.05	-0.11	0.12	0.16	0.37
Q6QI06	Q6QI06-S1478	S1478	1	0.26	0.51	0.97	1.7	2.84	3.26	3.96	4.81
P62754	P62754-S240	S240	1	0.03	-0.12	-0.03	-0.06	2.72	4.07	3.84	3.37
P62754	P62754-S236	S236	1	0.25	0.1	-0.11	-0.05	2.72	3.98	3.84	3.37
Q8BKH7	Q8BKH7-T86	T86	1	4.09	4.46	4.85	4.91	4.28	4.61	4.17	4.56
Q62245	Q62245-S1164	S1164	1	-0.6	-0.09	-0.43	-0.57	1.36	2.47	2.74	2.66
Q62245	Q62245-S1179	S1179	1	1.25	0.74	1.55	2.23	2.53	3.07	3.56	3.25
Q62245	Q62245-S1147	S1147	1	0.19	0.23	0.08	1.02	1.1	2.38	2.71	3.72
Q62245	Q62245-S1183	S1183	1	0.16	0.74	1.55	2.23	2.53	3.07	3.56	2.92
Q923A8	Q923A8-S439	S439	1	0.14	0.18	0.26	-0.03	-0.16	-0.28	-0.46	-0.47
Q3UHB2	Q3UHB2-S981	S981	1	0.64	1.7	2.19	2.55	2.14	2.07	2.17	2.04
Q3UHB2	Q3UHB2-S939	S939	1	0.85	1.57	2.08	1.9	1.82	2.03	2.02	1.94
Q3UHB2	Q3UHB2-T1466	T1466	1	1.15	2.85	2.25	2.46	2.26	2.07	3.23	3.06
Q6PB82	Q6PB82-S549	S549	1	-0.4	-0.26	0	1.39	1.98	2.94	2.67	3.29
Q6PB82	Q6PB82-S450	S450	1	0.05	-0.16	-0.13	0.53	1.38	1.97	2.38	2.66
Q6PB82	Q6PB82-S763	S763	1	1.2	-0.13	-0.86	0.69	0.86	0.73	1.09	3.73
Q9QY01	Q9QY01-S772	S772	1	0.55	-0.06	0.04	0.83	1.11	1.61	1.54	1.46
Q9QY01	Q9QY01-S781	S781	1	0.55	-0.03	0.01	0.68	1.18	1.6	1.54	1.46
P23949	P23949-S98	S98	1	0.59	0.99	2.1	2.01	2.25	2.27	2.16	2.3
