DGATMKTFCGTPE	4.05	4.26	3.14	3.54	3.38	2.88	4.24	4.23
PHFPQFSYSASGT	0.09	3.55	4.27	3.11	3.76	6.13	7.28	4.61
LTPQGPSPFTQQR	0.75	0.25	0.27	1.07	3.2	4.36	3.91	3.86
SVNELLTPQGPSP	0.82	0.25	0.38	1.01	3.69	4.36	4.46	4.09
FRSRCSSVTGVMQ	1.09	2.37	2.69	2.95	2.82	2.96	3.03	3.01
PRRRHASAPSHVQ	0.29	0.44	0.96	1.41	1.73	2.05	1.94	2.01
MRGRLGSMDSFER	1.11	2.67	3.89	4.1	4.18	4.32	4.12	3.97
FRRRAHTFSHPPS	1.95	2.47	3.77	3.46	2.6	2.79	1.82	2.73
SRNNPKSPQKPIV	-0.21	-0.16	-0.08	0.26	1.56	1.66	1.79	1.56
TRSRHSSYPAGTE	0.18	-0.01	-0.13	0	0.83	1.44	1.61	1.6
FRGRSRSAPPNLW	0.25	0.67	1.1	1.48	1.33	1.33	1.45	1.33
FRDRSFSEGGERL	0.34	1.7	2	2.21	2.28	2.69	2.94	3.1
RRCRTLSGSPRPK	1.38	2.53	3.37	3.29	3.64	3.83	3.35	3.22
SRGRLNSFTQGIL	2.95	2.6	2.72	3.17	3.19	2.76	2.84	4.1
ACTLTTSPRLPVF	-0.17	-0.18	-0.51	-0.34	2.14	3.15	3.58	3.28
SSPNNLSPTGWSQ	-0.57	-0.53	-0.2	-0.25	0.82	1.27	0.45	0.82
DGSSCISPTIVQQ	-0.03	-0.67	0.21	2.6	6.12	6	5.64	4.88
SGYFSSSPTLSSS	0.65	0.15	0.5	0.51	1.42	2.01	0.68	1.65
TSFMSVSPSKEIK	0.01	-0.14	-0.15	0.15	0.46	0.8	1.15	1.72
FRRRHNSWSSSSR	0.18	0.4	0.67	0.82	0.82	0.9	1.3	0.93
SQDVAISPQQQQC	0.04	-0.06	-0.07	0.01	0.31	0.61	1.09	1.42
RRRRASSLLAQRR	0.83	3.88	4.36	4.24	3.73	3.55	4.25	3.79
ERSRTGSESSQTG	0.23	0.27	0.71	1.62	2.35	2.78	2.84	2.51
ERERSRTGSESSQ	-0.36	0.14	0.52	0.69	2.41	1.75	3.06	3.66
LMECRNSPVAKTP	-0.08	-0.05	0.11	0.34	1.14	1.34	1.25	1.5
PGDYSTTPGGTLF	0.05	-0.07	-0.02	0.2	0.18	0.26	0.23	0.34
GTLFSTTPGGTRI	-0.03	-0.04	-0.25	0.07	0.22	0.08	0.23	0.32
SRIRTQSFSLQER	1.94	2.89	3.56	4.52	4.52	2.87	2.47	2.79
DHTGFLTEYVATR	-0.03	-0.13	0.16	3.69	4.78	4.13	4.79	4.41
TGFLTEYVATRWY	0.48	0.36	1.38	3.37	3.62	4.04	3.75	3.93
TGFLTEYVATRWY	0.12	0.06	1.95	3.57	4.35	3.98	3.41	4.39
DHTGFLTEYVATR	0.29	-2.48	0.5	4.05	5.61	3.72	3.57	4.4
FRPRTSSNASTIS	1.43	2.17	2.28	2.56	2.23	1.9	1.96	1.67
PRRRAVSMDNSNK	1.88	2.72	3.38	4.11	3.65	3.34	3.22	3.43
NILSSQSPLHPST	-0.74	-0.1	-0.01	0.09	1.49	1.82	2.49	2.26
GRARTSSFAEPGG	1.08	1.8	2.05	1.99	1.93	1.99	1.79	2.04
GRPRTTSFAESCK	2.05	2.05	2.65	2.54	2.27	2.27	1.43	2.46
RYPRPASVPPSPS	0.17	0.22	0.14	-0.3	-1.37	-1.99	-1.55	0.32
PPSPSLSRHSSPH	0.08	-0.08	0.19	-0.2	-0.22	-2.34	-1.95	0.21
VKQEPPSPPHSPR	-0.25	-0.23	0.03	-0.05	-1.07	-1.28	-1.62	-1.32
PPSPPHSPRVLEA	0.11	-0.01	-0.03	-0.01	0.53	0.63	0.68	0.48
SMDTPLSPTAFID	0.23	0.22	-0.1	-0.24	0.56	1.47	1.97	2.25
SMRRSVSEAALAQ	-0.09	-0.04	-0.04	-0.04	-0.28	-0.48	-0.53	-0.51
FHPRRSSQGVLHM	-0.07	-0.15	-0.86	-1.54	-2.35	-2.48	-2.3	-2.7
GMTRDIYETDYYR	3.13	3.89	3.75	4.11	3.56	3.59	3.78	4
DIYETDYYRKGGK	4.4	2.81	4.6	3.81	3.56	3.97	3.12	3.74
IYETDYYRKGGKG	3.34	3.76	4.6	3.76	3.31	3.97	3.12	3.71
FRKRTHSAGTSPT	3.25	3.7	4.28	4.05	3.63	3.93	3.77	2.87
EEELSNYICMGGK	4.36	2.72	2.54	1.65	1.44	3.01	2.89	2.42
PKSPGEYVNIEFG	4.31	2.68	3.45	3.32	4.45	3.92	3.61	5.22
LHTDDGYMPMSPG	0.68	1.58	1.83	1.64	1.27	1.44	1.52	0.74
LEKSLNYIDLDLA	5.18	3.51	3.59	4.24	3.8	2.99	2.71	4.57
HVLEALSPPQTSG	-0.54	0.03	-0.93	0.66	2.46	2.74	2.85	2.2
PQTSGLSPSRLSK	-0.42	0.22	0.18	0.66	2.46	2.33	2.49	2.64
ADGEPHSVSPRPR	-0.12	-0.16	0.03	0.12	0.26	0.61	0.83	0.93
PRSRHLSVSSQNP	-0.53	-0.1	1.95	1.18	2	1.89	1.73	2.09
PRGRLRSADSENA	0.3	-0.27	-0.65	0.58	2.79	3.77	4.02	3.95
RLFQGYSFVAPSI	0.33	0.18	-0.4	0.76	2.77	2.26	3.23	2.42
VPESIHSFIGDGL	0.18	0.06	-0.15	0.37	1.02	0.88	1	1.06
SRTRTDSYSAGQS	0.06	0.08	0.37	0.85	1.25	2.18	2.39	1.94
MRSRTASGSSVTS	-0.32	-2.37	0.44	2.75	3.12	1.92	2.83	1.85
SRSRSHTSEDARL	0.55	0.81	0.63	1.7	2.26	2.75	2.95	2.78
TRSRSHTSEGPRS	-0.05	1.5	1.59	4.29	4.7	5.33	5.82	5.2
RLSRSRTASLTSA	-1.76	-0.26	-1.88	-0.67	-0.2	0.1	1.14	0.69
SRSRSRTLSQSSE	0.05	0.52	1.46	1.62	1.95	1.83	1.74	2.02
ARSRTHSTSSSIG	0.5	1.19	1.64	2	2.14	2.05	2.25	2.12
KRPRSSTVTEAPI	1.29	1.64	3.99	4.24	4.44	4.79	3.54	4.75
SRARIGSDPLAYE	0.44	0.84	1.85	3.49	4.12	3.85	3.46	3.23
EQKITNYLTVPAH	1.25	2.75	3.6	2.53	2.44	2.6	3.36	3.25
THQGPGTPESKKA	-0.58	-0.62	-0.51	-0.8	0.37	1.6	3.86	3.22
SPRTPVSPVKFSP	0.66	0.5	0	0.22	0.87	3.37	3.26	2.72
FIGSPRTPVSPVK	0.58	0.57	0.41	0.94	3.81	2.62	3.01	2.57
SRTPRDSPGIPPS	-0.9	-0.34	0.14	1.06	3.53	3.2	1.84	1.15
TSPIIGSPPVRAV	0.13	0.03	-0.2	0.55	1.94	1.81	2.01	1.95
RAVPIGTPPKQMA	0.47	0.13	0.09	0.4	1.85	1.95	2.17	2.32
AGIDSSSPEVKGY	-0.44	-0.61	-0.62	-0.05	1.1	1.99	2.35	2.34
IRPRRRSSCVSLG	-0.29	0.03	1.01	1.21	2.19	2.19	2.36	3.5
RRPRNYSVGSRPL	1.1	1.96	2.51	2.33	2.64	2.97	3	3.08
VRMRRNSFTPLSS	-0.61	2.35	2.1	2.83	2.98	2.37	3.16	2.33
VKGRTWTLCGTPE	-0.02	0.01	0.03	0.07	-0.17	-0.02	0.03	0
KPARRVSDSFFRP	0.73	0.06	0.2	-0.54	0.14	-0.17	-0.35	-1.03
TQQYAKSLPVSVP	-0.01	0.16	0.55	1.15	1.67	1.34	1.36	1.52
PRPRLNTSDFQKL	1.78	2.91	3.57	3.81	3.65	3.56	3.61	3.63
TQSAPASPTNKGM	0.14	0.07	0.32	0.54	1.27	1.55	1.48	1.42
MHQVGGSPPASST	-0.2	-0.2	-0.1	-0.05	-0.11	0.12	0.16	0.37
GGLVKNSFHLLRQ	0.26	0.51	0.97	1.7	2.84	3.26	3.96	4.81
LSSLRASTSKSES	0.03	-0.12	-0.03	-0.06	2.72	4.07	3.84	3.37
KRRRLSSLRASTS	0.25	0.1	-0.11	-0.05	2.72	3.98	3.84	3.37
IRRRSNTAQRLER	4.09	4.46	4.85	4.91	4.28	4.61	4.17	4.56
MSKHLDSPPAIPP	-0.6	-0.09	-0.43	-0.57	1.36	2.47	2.74	2.66
PTSKAYSPRYSIS	1.25	0.74	1.55	2.23	2.53	3.07	3.56	3.25
PRRRPESAPAESS	0.19	0.23	0.08	1.02	1.1	2.38	2.71	3.72
AYSPRYSISDRTS	0.16	0.74	1.55	2.23	2.53	3.07	3.56	2.92
GQPRRRSIQDLTV	0.14	0.18	0.26	-0.03	-0.16	-0.28	-0.46	-0.47
FRCRSISVSEHVV	0.64	1.7	2.19	2.55	2.14	2.07	2.17	2.04
FRARSTSLNERPK	0.85	1.57	2.08	1.9	1.82	2.03	2.02	1.94
LRPRGYTISDSAP	1.15	2.85	2.25	2.46	2.26	2.07	3.23	3.06
SSVPEHSPRTTGL	-0.4	-0.26	0	1.39	1.98	2.94	2.67	3.29
IEQNLQSPTQQQT	0.05	-0.16	-0.13	0.53	1.38	1.97	2.38	2.66
VVFTVGSPPSGAT	1.2	-0.13	-0.86	0.69	0.86	0.73	1.09	3.73
GRVCVGSPPGPGL	0.55	-0.06	0.04	0.83	1.11	1.61	1.54	1.46
GPGLGSSPPGAEG	0.55	-0.03	0.01	0.68	1.18	1.6	1.54	1.46
FRDRSFSENGERS	0.59	0.99	2.1	2.01	2.25	2.27	2.16	2.3